#pragma once

#pragma once

// Auto-generated circle lookup tables for 64 segments (0 to 2π)
#define CIRCLE_SEGMENTS 64

static const float CIRCLE_COS_TABLE[CIRCLE_SEGMENTS + 1] = {
    1.000000f, 0.995185f, 0.980785f, 0.956940f, 0.923880f, 0.881921f, 0.831470f, 0.773010f,
    0.707107f, 0.634393f, 0.555570f, 0.471397f, 0.382683f, 0.290285f, 0.195090f, 0.098017f,
    0.000000f, -0.098017f, -0.195090f, -0.290285f, -0.382683f, -0.471397f, -0.555570f, -0.634393f,
    -0.707107f, -0.773010f, -0.831470f, -0.881921f, -0.923880f, -0.956940f, -0.980785f, -0.995185f,
    -1.000000f, -0.995185f, -0.980785f, -0.956940f, -0.923880f, -0.881921f, -0.831470f, -0.773010f,
    -0.707107f, -0.634393f, -0.555570f, -0.471397f, -0.382683f, -0.290285f, -0.195090f, -0.098017f,
    -0.000000f, 0.098017f, 0.195090f, 0.290285f, 0.382683f, 0.471397f, 0.555570f, 0.634393f,
    0.707107f, 0.773010f, 0.831470f, 0.881921f, 0.923880f, 0.956940f, 0.980785f, 0.995185f,
    1.000000f,
};

static const float CIRCLE_SIN_TABLE[CIRCLE_SEGMENTS + 1] = {
    0.000000f, 0.098017f, 0.195090f, 0.290285f, 0.382683f, 0.471397f, 0.555570f, 0.634393f,
    0.707107f, 0.773010f, 0.831470f, 0.881921f, 0.923880f, 0.956940f, 0.980785f, 0.995185f,
    1.000000f, 0.995185f, 0.980785f, 0.956940f, 0.923880f, 0.881921f, 0.831470f, 0.773010f,
    0.707107f, 0.634393f, 0.555570f, 0.471397f, 0.382683f, 0.290285f, 0.195090f, 0.098017f,
    0.000000f, -0.098017f, -0.195090f, -0.290285f, -0.382683f, -0.471397f, -0.555570f, -0.634393f,
    -0.707107f, -0.773010f, -0.831470f, -0.881921f, -0.923880f, -0.956940f, -0.980785f, -0.995185f,
    -1.000000f, -0.995185f, -0.980785f, -0.956940f, -0.923880f, -0.881921f, -0.831470f, -0.773010f,
    -0.707107f, -0.634393f, -0.555570f, -0.471397f, -0.382683f, -0.290285f, -0.195090f, -0.098017f,
    -0.000000f,
};
